12.984662,14.948009
17.076925,12.581869
16.05784,12.978435
13.269673,14.865047
13.857993,15.994394
17.090069,12.791115
13.596573,16.825577
8.626952,11.713817
13.695518,16.781834
13.99883,15.582371
12.857431,15.343071
12.614329,16.578636
13.805335,15.232135
14.985056,14.955562
7.970506,10.846567
13.824299,15.587244
16.550266,13.145615
14.383059,16.270716
14.246627,16.305586
13.262198,14.532004
14.669538,15.215381
14.458996,16.247377
13.743215,16.673918
13.606157,16.776596
12.611043,16.859186
16.362583,13.616093
14.146171,16.012016
13.36514,14.846558
14.50668,15.364595
13.131957,14.505756
13.0807705,15.069129
17.059942,12.480666
14.065235,15.979736
14.590937,15.148677
14.059445,16.40086
16.095814,12.97955
14.638126,15.854078
8.16775,10.54426
15.916723,12.784265
12.095506,14.569841
14.913569,14.84289
14.119028,16.539423
13.142351,15.249562
13.568665,16.35901
15.495146,12.630298
12.219954,16.258066
16.986416,12.692177
16.098282,12.79791
8.540807,11.341041
14.004515,15.442223
16.502771,13.744684
12.4277935,15.418336
8.596184,11.540484
12.493454,15.354708
16.827309,12.548866
13.0006695,16.729399
15.893696,13.764397
16.232353,13.239836
16.41973,13.720372
16.45657,13.288687
12.172828,15.790596
8.744776,11.859507
12.658463,16.646107
12.505612,15.154102
14.670849,14.517799
16.477732,13.763768
12.533894,16.861416
14.518282,15.110669
16.460785,13.624759
13.9515085,16.518263
12.498079,15.187618
8.618599,11.4272785
14.373192,16.232237
8.575948,11.506243
7.975952,10.854616
12.634147,15.188846
16.627499,12.459398
8.618081,11.551064
12.5886345,16.840237
15.961067,13.002516
14.209202,16.395832
13.740904,15.203128
12.842536,14.567756
16.313467,12.511089
16.057884,13.176818
15.889787,13.840442
12.375762,14.89786
12.440184,12.782085
12.897372,14.641075
16.283712,13.73734
16.806019,12.388806
16.477547,13.167853
8.497519,11.66598
16.344027,13.179152
8.982834,10.503239
8.934178,11.588591
8.908383,11.603749
16.736975,12.286659
16.73877,12.421337
15.873744,13.217498
14.415219,16.186428
16.391476,12.588816
14.339146,14.559164
14.9773655,14.571054
16.493425,13.680955
16.268677,13.339661
15.020301,14.743293
12.164027,14.446298
16.285257,13.508502
16.846268,12.412054
12.728956,15.075861
15.489731,13.862578
14.587816,16.025843
14.030746,15.593825
15.500178,13.949893
16.439495,13.63837
12.5659895,13.962696
15.487807,13.997828
12.4963665,15.108863
15.510514,13.914513
13.311561,14.791081
12.703429,16.516563
16.25991,12.52185
13.961606,16.633238
8.061891,11.009963
16.08336,12.336907
12.420584,14.682362
14.007412,16.52785
13.4693985,15.831989
14.346271,16.26197
15.026762,14.766602
14.751055,14.901849
12.846095,16.720371
13.8001,15.779155
14.134552,16.224573
12.514743,15.111774
14.657462,14.287128
14.026458,15.521727
15.575696,14.130921
13.154027,14.964069
16.970161,13.110246
13.102024,14.890826
14.388074,16.40144
12.417623,14.9761305
17.129826,12.7065525
14.555563,14.234315
8.826472,10.736639
7.931711,10.790856
16.082018,12.824572
12.219723,14.48889
8.5760765,11.636341
8.586057,11.65973
14.328318,15.805863
13.071773,15.8665285
12.130259,16.21932
14.141801,15.6386385
16.376726,13.394702
16.563503,13.610144
13.68228,16.611023
14.694423,15.155489
15.52106,13.989085
15.460551,14.157162
14.7132635,14.545142
8.047898,10.641359
8.917214,10.081345
12.360566,16.423067
16.580027,13.068867
15.968458,12.97586
14.834563,15.19177
12.535405,13.989551
12.308077,13.770108
14.068756,15.70835
12.574386,15.129396
13.240072,14.878904
15.511544,12.162327
13.083456,16.178501
17.061316,12.9275255
16.082548,13.109271
9.015282,11.480995
12.098861,14.523595
13.9546795,16.494757
13.2072,15.015772
13.909022,15.528306
14.89192,14.997433
16.502447,13.130279
8.627659,11.472613
13.698053,16.686607
8.0578985,10.974808
15.431658,14.062197
13.151331,15.982582
16.208132,12.456233
8.075399,11.008875
12.864631,11.284557
14.099016,15.528792
13.491305,15.407713
12.713909,16.783722
12.749338,16.646751
12.590865,15.0392685
16.292215,13.426499
13.724842,16.65125
15.9534645,12.802546
14.893601,13.328675
12.546101,11.290434
12.568588,12.593858
12.131073,12.542053
12.976797,11.974221
12.635253,12.418143
13.1578,10.921436
14.294519,11.100387
14.162153,10.874988
14.073407,10.8639555
12.842177,11.964041
14.413336,11.036425
12.155537,12.251607
13.715678,10.690897
12.38303,10.845135
14.237443,11.72404
13.262774,10.878798
12.346133,12.074888
10.848691,11.063933
13.114266,10.546536
13.7880745,10.629512
12.551065,11.030983
12.586575,10.898244
12.505736,10.88816
12.9773855,11.045824
11.72017,11.530073
12.425817,11.065556
9.870781,10.431607
12.046752,11.840739
9.916327,10.507524
10.364987,10.4954815
12.346674,10.665243
10.865501,10.061161
13.51773,12.805256
12.035592,11.716501
14.283121,12.526301
13.659629,12.20322
14.651626,12.097853
14.174264,11.96655
13.227966,12.139158
11.640825,11.60965
11.68224,11.537857
14.86045,13.066932
12.134823,12.700226
12.597373,12.587291
13.310811,12.533316
12.90489,12.581855
13.262491,12.636476
13.405386,10.916101
13.227105,10.581681
13.810483,10.675596
12.683244,10.460023
14.112471,11.622351
12.1776705,12.363642
12.934646,10.829994
12.97563,11.536911
13.320636,10.623425
10.881152,10.4033985
12.5384245,12.6818075
13.253846,13.447638
12.690631,11.898208
12.829562,12.693787
13.03397,10.747818
12.544412,12.633506
8.080352,9.990246
8.3254,10.2926235
14.185807,12.763804
13.146803,10.525026
14.163787,12.79572
12.865295,14.1131315
5.5090914,8.04514
10.205535,10.512411
14.544635,15.432411
13.1369295,15.837554
13.337063,12.804703
12.16007,12.078423
13.348615,12.732397
13.865873,11.056804
13.063707,10.608213
13.003226,10.694443
12.449718,11.6981535
11.865035,10.493452
11.336762,10.388079
14.226373,12.186689
12.328669,10.76676
14.198606,12.22928
12.238572,12.54026
12.341369,10.744225
11.941588,12.203444
13.865247,10.803884
14.192624,12.252445
14.222102,12.277812
11.204646,10.168931
10.054338,10.7966175
10.046969,10.942958
13.19712,12.085573
12.841582,12.602263
13.185602,12.356517
12.393715,10.681818
13.472377,11.67282
12.300687,10.903401
12.980192,11.99374
10.868098,10.221335
10.896422,10.170826
10.207852,11.456339
12.714116,10.578528
12.343264,10.778783
12.88695,12.822412
12.860534,11.78707
12.830875,12.033719
12.365957,12.435748
12.402036,12.7096815
12.322316,12.687057
13.64289,11.161843
12.26335,12.17864
13.826197,11.054119
10.076661,10.626699
13.935625,10.759588
10.049945,9.924674
14.101519,12.321175
12.681923,12.567966
13.79478,12.47842
12.56005,10.759983
13.011102,10.559727
12.239643,10.723817
12.613109,12.634087
12.315462,12.499055
14.251579,11.773096
11.332001,10.68962
12.644221,12.379837
11.406181,10.646442
13.202271,15.916438
14.184358,16.142359
14.367914,16.200298
14.967205,15.002584
12.715988,16.005716
13.316921,16.111113
14.340254,12.473889
13.086205,10.692803
13.047168,10.604293
13.355141,12.553693
12.814649,12.810299
12.776092,12.629536
12.811133,12.181443
12.812371,12.158178
12.848782,12.151586
13.106985,11.18518
9.977538,10.18597
15.352525,13.220557
12.788868,12.682382
11.841641,11.59719
12.459924,10.867307
12.462088,12.137135
14.023735,11.759516
14.165399,11.67684
12.860228,11.079249
12.9128065,10.884602
13.039652,10.877776
10.334217,10.700764
12.457771,12.5382805
10.899631,10.308925
14.063888,11.768816
9.736061,10.492583
9.637291,10.499546
11.061234,10.271911
9.479954,10.284726
9.608983,10.416321
13.379281,12.774515
12.477306,12.169948
14.625402,13.223704
10.279755,10.559017
13.228975,12.318168
10.317146,10.476935
10.195152,9.765918
13.802043,11.444056
13.786343,11.46579
12.386222,12.521083
12.916674,12.638386
12.497509,12.639275
11.287928,10.697758
12.72652,12.065703
11.326952,11.269176
12.559569,16.201372
7.7870984,10.480958
12.106379,16.175983
16.559483,13.729925
13.87151,16.652708
8.876772,10.647142
16.457138,12.984786
8.8721075,11.295578
14.795661,15.149086
14.970665,13.315274
15.46185,14.152423
13.944205,14.896844
9.848835,10.09287
11.40282,10.43492
11.6719475,10.282276
12.594684,10.713443
12.4958,10.769009
13.984515,10.862468
10.146228,10.850443
12.9695,10.982941
12.379671,11.6640215
11.299766,10.263352
13.626349,12.7884865
13.4436865,13.653527
12.329915,12.118226
12.442305,10.966008
13.19649,12.69704
12.092002,12.465331
14.203993,16.367922
15.519589,14.061052
7.579629,10.299202
14.393158,16.195211
12.684817,16.859238
16.116772,13.446453
14.345965,15.886174
14.513449,14.037756
10.420307,9.870439
10.42993,9.864294
8.685127,11.2063265
8.848628,11.924897
12.185682,16.31098
12.651015,16.112679
7.454887,10.108149
9.438054,10.753622
15.769817,12.025197
14.761754,15.265394
14.678589,15.803927
15.725075,12.880625
16.090206,13.515756
15.421055,14.04248
14.217788,15.71459
14.573493,15.913928
12.335607,16.30419
7.3457823,9.969404
14.060372,13.004818
10.213991,9.841213
14.495654,14.181879
14.783776,14.483467
7.714187,9.966227
13.104102,15.656136
10.608003,9.751528
13.262132,15.051299
8.747236,11.922323
12.92535,16.440107
9.641377,10.79828
8.887421,11.733863
12.597615,16.225904
12.310176,16.19735
7.398658,9.981933
14.351374,16.156527
7.481391,10.059819
12.477634,13.198065
7.830776,10.593078
7.8848166,10.310806
13.229227,15.048901
8.85721,11.434537
7.5396094,10.082221
7.502433,9.958746
12.521357,16.912556
14.146924,16.132172
12.300309,16.510038
13.204645,14.992653
5.662265,7.7725058
7.4340205,9.775391
13.048673,14.648376
16.338593,13.587878
12.529574,15.119114
15.2717085,13.658851
12.909446,14.6431675
12.504361,15.287525
7.7809753,10.45714
13.774146,12.779027
6.171846,7.6242123
8.961424,11.113566
14.776984,11.935894
10.143086,9.768945
17.064663,12.860369
13.132748,14.882773
15.503457,13.982564
13.285952,14.738683
13.430902,14.53075
10.005032,11.330709
12.104064,14.344852
8.98882,11.789965
14.872843,13.3632
8.937426,11.127702
9.4131365,10.929449
7.6667914,8.9119425
8.766081,11.641879
14.992837,14.565435
14.887373,14.637942
12.510118,15.534635
16.502148,13.540526
14.048447,16.393784
14.549691,10.97447
16.95913,12.4724455
14.920113,12.126064
13.444419,14.5695715
13.316376,14.758892
12.432782,15.06295
8.502491,10.488921
8.495291,10.457944
10.095019,9.796809
16.279333,13.419063
7.660852,9.864435
16.371151,12.454904
8.716489,11.905855
14.233043,16.323727
8.784214,11.917094
17.14719,12.6105585
12.139027,14.224589
12.618285,16.101116
9.113673,10.717145
9.175485,10.476338
9.461659,10.308561
16.885386,12.5619955
17.009277,12.4257
9.037012,11.45408
16.832895,12.366363
8.836555,11.810979
14.697454,10.846636
13.732387,16.339428
14.769535,11.032388
5.655231,8.640409
13.301251,14.646623
6.1401467,6.55994
13.309754,14.964537
12.554716,15.1180935
15.897367,13.000305
8.330691,10.564493
16.82041,12.808951
16.80063,12.684748
8.740391,12.117923
13.484377,12.041023
8.683226,10.726797
13.614536,16.113163
13.181596,13.477623
12.14573,16.070995
7.691777,10.348543
14.497501,16.02899
14.256876,15.701753
13.639519,14.682342
7.5124984,10.048021
12.675884,14.912777
16.548656,13.696404
15.529816,12.572852
16.816713,13.422592
8.759591,11.553237
13.20484,14.647093
12.931758,15.540871
12.728604,16.53417
7.8550706,10.748352
12.293675,16.120148
16.953417,12.418194
15.691044,13.334974
14.306985,10.851382
14.991972,14.852809
13.807234,16.680483
7.79658,10.61594
12.185369,13.861205
12.638352,16.716497
12.170119,16.307627
13.975587,16.12701
13.910952,16.253483
13.784535,16.372
14.694749,15.361829
14.589272,10.816187
6.5947537,7.6872334
6.5266776,7.591637
12.683346,16.149473
16.2254,12.499032
17.055931,12.903893
14.921068,13.350101
14.697051,10.867151
14.912061,13.313316
13.69264,14.706788
15.415973,12.699956
12.533042,13.051693
14.364806,15.862678
16.973387,12.550101
12.777652,16.510687
12.292592,14.20547
15.186451,12.396216
14.334288,10.922181
15.795464,13.217924
12.650225,14.586681
15.556559,13.210593
12.917505,15.384876
14.831178,14.760194
14.036533,16.7095
12.329808,15.426346
13.626257,16.183767
13.529361,16.0749
14.5303135,10.986937
13.272792,14.88579
16.395702,13.095049
16.274084,13.124549
15.525678,13.902162
12.355874,15.447311
10.763348,9.987014
8.177836,10.316537
13.970518,16.319416
13.699322,12.79531
16.389956,12.840197
16.267887,12.471498
14.829955,14.646004
13.72952,16.348282
13.86214,16.210531
12.6069355,15.860909
12.333141,16.600988
16.407682,13.210777
12.770921,16.4122
17.066833,12.522807
12.63821,16.148024
4.2110868,8.190555
15.404929,13.909326
15.603454,12.816961
12.957458,14.720736
13.736337,16.65601
12.572222,16.178743
16.207138,13.72647
12.645899,14.53268
16.129433,13.538522
14.89946,15.171756
15.036648,12.148819
13.830209,15.935177
9.000996,10.696139
14.979193,14.793421
14.138896,16.133348
14.988847,14.636599
13.635423,10.584481
17.058146,12.612555
12.405349,16.587305
14.245453,14.257231
10.800226,10.311832
9.967586,9.729277
14.558337,10.873985
8.768853,11.272047
13.872443,15.870827
8.561015,11.626466
14.769381,15.1245165
15.847114,12.838418
15.411123,14.137779
14.785134,14.733668
12.190975,16.258928
15.665152,12.724101
12.417048,14.139308
7.166105,7.2074633
12.179624,16.11041
7.871844,10.682053
13.727728,16.719954
13.760364,16.698103
15.658011,12.872541
12.095414,16.102316
12.9050865,15.72925
13.104234,14.982129
8.838458,10.770185
8.91258,10.005388
12.788455,16.356602
16.14375,12.871113
13.165421,14.889223
14.203523,16.072289
15.959835,13.8711
14.467911,15.645518
15.908241,13.377454
13.516213,15.029174
15.867137,13.197927
8.082068,10.992765
14.488451,13.987658
15.224209,12.633285
13.482617,15.541529
9.046634,11.138819
13.137385,13.048082
13.233512,10.600129
13.599095,14.898588
5.3751607,8.906517
12.113951,14.362585
14.074599,16.422739
12.222458,15.9877825
17.06553,12.946255
14.235675,15.095147
13.292242,14.748783
14.817194,14.676404
14.987541,14.674339
14.661189,14.765988
16.866945,12.471542
12.3844185,15.279418
12.372049,15.194408
12.829011,16.698584
7.9232693,10.728981
12.687735,14.95555
17.009644,12.84472
14.264559,14.48145
14.219969,15.189568
12.607327,16.870186
12.407682,15.738375
12.082599,16.01709
8.609836,11.208659
11.992816,13.9139385
9.126606,11.320859
16.056602,12.291935
13.757839,16.510677
12.77169,16.26365
12.584207,15.005081
15.868996,13.900573
13.770587,16.273712
7.7795095,10.724145
16.272839,13.266816
7.797078,10.696067
12.139996,16.235413
8.840989,11.511242
12.765072,16.651564
15.24961,13.789517
8.232622,10.728119
15.662706,13.001536
7.752806,9.873199
13.902533,14.572575
14.133719,16.395096
15.050814,12.589662
12.676347,16.31168
14.819135,12.282797
14.484501,11.7581415
12.445206,14.990628
10.307652,9.938374
6.802331,8.384685
8.254881,10.605782
13.445829,15.981833
14.46293,14.770158
7.735116,10.773994
14.727284,15.7457695
14.12026,15.151359
12.938525,10.907644
9.429221,11.421494
14.2652445,10.800866
13.032631,12.2855625
13.127583,12.54042
14.779375,13.113947
12.978312,16.720387
12.1684675,16.3572
12.558955,15.421707
14.576759,15.459467
13.47325,15.958797
14.2547245,16.335388
14.509975,15.642681
15.923908,12.984808
15.807735,13.687717
12.477898,16.503574
13.510512,16.041042
13.384733,15.945133
16.394188,13.275911
16.623802,13.568118
16.636404,13.584262
8.948733,10.936746
8.621298,11.437464
8.575293,11.644444
14.541853,14.607851
15.686551,13.316151
14.489733,14.563944
16.902245,12.798666
16.53693,13.65962
14.4014015,16.269464
7.7872386,10.795724
12.152463,14.433146
12.150808,16.094435
16.511497,13.502121
16.54438,13.632829
13.840348,16.378378
15.462956,13.932418
9.30019,10.882827
8.8758545,9.975984
12.688281,16.286766
12.518547,15.18904
14.2145405,16.265163
14.248923,16.191015
14.270327,16.281645
17.125061,12.53541
16.3166,13.333502
16.34984,13.408732
8.567461,11.551308
12.965202,14.382028
15.484485,12.508097
13.286932,14.870993
9.259477,11.480397
16.405447,13.614028
8.638087,11.6455555
13.773462,16.466694
16.356148,13.160672
8.040427,10.414634
12.534406,16.697716
15.946463,13.815896
16.287786,13.297299
9.041087,11.736894
13.260089,14.311898
7.812057,10.938981
14.347519,15.295332
13.836203,16.42338
17.047112,12.482708
8.697907,11.950892
13.005801,15.789142
13.861995,16.142609
12.217255,14.514865
12.163957,14.635497
16.603397,12.309705
8.957344,11.583206
16.996622,12.457789
8.802585,11.885938
13.598155,16.672174
13.680636,16.662334
15.663604,13.972916
8.132656,10.179061
14.348798,15.250702
7.771929,10.360216
8.872038,10.468836
8.714956,11.070328
16.371965,13.480315
12.837316,16.120304
9.396353,11.228497
12.248487,16.124117
13.027552,14.433125
13.403558,16.529337
13.088106,14.512026
8.886209,10.970779
13.351144,14.821065
13.459188,14.948073
16.34839,13.248541
14.586033,15.86428
16.955784,12.42063
8.8249235,11.807201
12.419947,16.456003
13.624444,16.103853
14.362932,16.247774
14.568275,16.116623
16.285313,13.671852
16.873375,13.056083
13.250717,14.912947
12.403518,14.802006
15.93284,13.87589
14.934347,14.699953
13.8484,14.7429495
16.484346,13.690066
12.107428,16.07317
12.4218645,15.603248
14.507434,15.036284
13.3790655,14.791885
13.687366,15.523687
12.641121,10.546468
13.955904,12.416525
12.069123,12.19978
12.894007,11.14065
13.225878,10.870116
12.9828005,11.35731
12.373305,11.928608
13.98089,11.039511
10.609189,10.931258
12.985714,12.441618
9.731804,11.245547
13.282241,10.637407
12.908884,11.388277
13.760166,10.73058
12.036052,11.639629
13.208385,11.0259495
14.217589,10.794666
14.139317,10.886081
13.060213,10.807162
12.341965,12.203544
10.511453,11.168949
13.888757,11.062635
14.401839,11.330236
11.255741,10.401312
14.573536,11.998149
14.631918,12.018487
13.26093,10.576239
13.182819,11.879624
11.114188,10.101784
13.2578,11.42076
13.927478,10.839236
14.340999,11.086796
11.155596,10.239726
13.062688,10.623807
13.145161,10.672406
11.209397,10.094895
12.816683,12.66615
12.718718,12.51122
13.201534,12.736882
12.588801,11.935498
12.369026,12.51655
12.910504,10.53766
10.020199,10.714246
14.152571,12.257307
13.414446,12.768446
11.407967,10.471191
12.520394,12.678264
13.149759,10.950993
13.06163,10.719638
13.997147,11.874494
13.72433,11.938909
13.278844,12.888671
13.208903,10.633919
13.84573,10.944177
12.476581,11.376042
7.4962397,10.142489
4.088372,8.565194
7.047024,9.765552
7.01581,7.2884636
6.0571904,6.7075405
6.90734,6.9066586
6.887333,6.860461
5.2244854,7.4872456
5.1830745,7.589162
5.681627,6.8565044
13.316936,14.616588
5.656701,7.2032933
5.6984572,7.883254
9.731773,10.814349
13.922261,10.707745
6.394903,7.825027
6.346947,7.7967215
5.695528,7.875211
5.8940067,7.0206127
8.551361,10.636528
6.0497346,7.3224277
5.6663585,6.972682
5.6131306,7.006277
4.1056094,8.579223
14.912299,13.417443
9.154251,10.540104
14.632113,11.869125
14.690887,10.938895
10.490259,9.909457
10.11811,9.76321
15.188751,12.451975
10.041601,10.0771
9.801838,10.7133465
14.859226,13.099766
15.030249,11.790489
14.824488,13.099908
15.835252,13.734255
9.333156,10.39544
15.879473,13.705678
10.713094,10.453102
13.191757,14.869295
14.15879,15.998761
8.711326,10.402685
14.6783695,10.915809
14.877527,12.000388
14.381088,11.047442
14.382767,16.213762
13.882489,10.815281
14.314377,12.514138
15.906663,12.612676
16.076305,13.011764
13.610242,10.662653
13.265907,10.636543
13.328932,10.589819
14.765504,11.01067
14.84476,11.46404
14.784778,11.03588
15.686533,12.050377
16.676216,12.112608
15.870549,12.173926
6.4028635,7.874506
6.182201,6.7519507
13.202187,14.638616
6.684015,7.970262
12.195237,14.176698
13.515189,16.099043
12.167789,14.305901
14.410795,11.031863
14.734911,11.855898
14.470877,10.886208
14.478387,10.822983
14.442369,10.865095
15.12432,12.243682
16.040146,12.225533
15.786631,12.480285
15.499958,12.376344
13.744002,12.977831
14.649066,11.938444
14.470736,10.834874
14.481434,10.860424
14.551348,10.874615
14.599305,13.954434
15.961874,13.126717
16.05248,13.24326
4.757291,8.177566
13.594886,14.645631
4.1540003,8.275621
14.380223,15.278123
5.7327127,7.6216187
4.821463,8.901256
15.87797,13.057947
16.90832,12.618143
16.214388,13.0831785
14.991251,12.096656
14.501939,11.305603
10.7033825,10.04648
8.65205,10.842399
11.330941,10.366405
8.524362,10.825104
6.667886,8.45934
10.170738,9.97176
5.7063503,7.5000315
6.8812456,7.323392
4.6568356,8.165171
4.8746495,8.508141
5.920902,6.9776316
5.808961,7.7705455
14.262261,12.385798
14.34195,12.497949
13.853161,10.993587
12.630437,10.623953
12.870477,11.485438
13.399983,11.160921
13.538018,12.581057
13.1037,12.570863
13.150336,12.650572
11.2296,10.276454
13.328849,12.290795
14.6853285,13.079529
13.518598,12.805828
12.479074,11.002865
12.296698,13.5414715
12.635871,10.6720495
12.458272,11.637124
8.923668,11.516926
9.980476,10.171426
12.426639,11.736077
11.192627,10.260054
14.771336,12.095759
14.194531,10.739112
4.0955667,8.586089
6.0990796,8.781703
6.500508,9.048839
7.151917,9.285622
7.502191,9.74684
11.978308,12.212243
14.149829,11.787304
11.491275,10.502532
14.310998,11.711423
14.4374075,11.543616
14.606411,11.894041
10.051012,10.68097
9.945424,10.1975765
13.252152,11.756633
14.470076,12.035884
13.164632,11.496872
14.136497,12.1256
13.3782015,12.615391
14.19475,12.227153
9.96733,11.591253
10.98007,10.190574
10.054696,11.522521
14.747548,13.232821
13.904963,14.182126
11.838589,11.456756
13.306796,12.673842
12.554042,10.726564
13.167098,12.102218
11.519993,10.348146
11.703694,10.27658
12.675139,10.434821
12.293447,12.495708
12.0410795,12.367934
13.332775,12.77624
12.603854,16.825928
9.029508,10.914076
8.938632,11.802209
5.3131814,7.775405
14.407522,11.876085
14.905257,14.612609
15.257966,11.946736
14.520633,10.974505
5.0601764,8.421177
13.944115,14.118221
13.205634,14.916366
13.131636,10.668953
9.099106,11.203969
12.640097,10.98182
12.255014,12.511687
13.066636,10.533918
12.268392,11.990754
11.482978,10.450254
8.78739,10.704013
13.157702,10.941245
13.301042,11.004666
12.220232,11.941692
15.18936,12.926977
12.550316,11.766398
15.215354,13.055364
13.8503275,13.368981
12.807506,11.949047
12.56312,12.616478
13.843887,11.512452
12.252996,12.505238
12.344906,11.93144
13.468798,15.878605
7.249999,9.859741
6.9727087,7.80377
6.5758443,6.7069335
14.411316,11.198059
14.276937,11.089799
14.350286,11.303238
14.823748,13.21561
12.359019,11.677518
10.111361,9.859049
12.762022,12.71929
12.494412,11.479949
12.847869,12.764413
12.925955,10.531545
12.858459,11.050885
12.740233,12.53334
13.624545,12.909068
12.883563,10.745509
13.331288,12.55115
12.929064,12.730858
13.888423,10.828099
12.83007,11.56583
11.934294,11.564053
14.3990555,10.968488
10.996038,11.291008
13.18499,12.678402
13.069119,10.714797
13.611908,10.839155
12.887654,12.596598
12.596955,10.467887
13.176101,10.577026
12.304827,11.964151
13.378361,12.660731
13.483288,16.25347
13.155596,13.633257
16.441679,12.81196
14.568293,15.212543
17.047222,12.85782
14.063063,16.550426
16.474186,13.690767
13.245884,14.8749485
17.13398,12.536859
12.80186,15.100009
12.238059,16.451197
12.14035,16.282799
14.507879,15.828467
12.703443,15.791208
14.890575,14.616766
13.886494,16.429115
15.453952,13.534924
16.755808,12.337387
16.542276,13.645873
14.341137,16.241325
15.93151,13.726153
16.12555,13.418356
10.189251,11.44382
12.209892,16.350906
14.020792,16.226664
12.152874,16.130419
5.978499,8.509194
7.749096,10.242827
7.707638,10.580862
4.6754956,8.860992
9.435187,10.49997
15.367834,11.878176
8.868804,10.613508
8.207165,10.273404
13.811462,16.615063
14.39161,12.041458
13.596693,13.952685
14.9858675,12.277696
14.807987,12.002651
14.502934,11.199546
14.447753,10.876159
14.658355,11.616904
14.767339,11.975198
14.824374,13.315021
14.991994,14.59575
15.041592,14.503437
5.2398534,7.498912
6.5721116,8.006468
4.602137,8.610009
12.215097,14.435433
6.3584595,7.9771724
9.736445,11.302798
12.084889,12.522648
9.608759,11.614829
14.839855,11.91676
12.352358,10.905862
16.19484,13.625607
14.457676,15.728299
14.868979,13.471426
12.274364,13.007119
14.7690735,11.95497
13.730727,10.634564
13.792429,10.579722
14.771152,11.985604
4.68446,8.6455555
6.5536447,7.8018527
12.207081,12.6356735
16.011023,12.385464
6.36157,6.711876
5.4177823,8.075232
5.2990437,7.721879
5.1647234,7.387206
5.620058,7.0644283
5.5194683,7.214945
5.2621675,8.863392
5.987524,7.1347065
13.5718,15.977188
4.67997,9.05074
5.7597003,7.3406343
5.1033373,7.96111
5.0348697,9.124298
6.470057,6.6242228
10.191919,10.868505
12.087506,14.0857315
14.3394375,10.930161
14.374152,11.099943
12.430547,10.681664
12.603871,10.464061
11.095406,10.281097
10.968863,10.463042
13.929495,11.092153
12.414314,10.766004
13.799759,10.753071
12.452605,12.398331
12.35639,11.722589
13.690318,12.282661
12.710235,10.981847
14.178555,11.682638
13.03944,10.963773
10.138642,10.983336
11.352657,10.635133
11.738502,10.287358
14.014352,10.779815
11.278439,10.59788
11.096945,10.302609
12.570971,10.463165
11.6413555,10.284374
13.198226,10.633478
10.971956,11.083389
15.544561,11.942825
11.957824,11.551224
11.448076,10.34394
11.19062,10.232504
12.625978,10.559978
14.6160345,11.9502
10.253841,11.690933
12.47652,10.742867
12.56376,12.667489
12.226438,12.133095
9.824356,11.273994
14.053186,11.055861
13.690298,12.390736
13.0952015,12.072061
12.971573,12.179683
12.683564,10.564202
12.7775345,12.882567
14.220523,12.111067
10.356056,11.495791
15.987366,12.287319
5.89729,6.757949
7.833064,10.640789
14.0660305,10.756859
6.0736694,8.246481
8.063697,10.577302
7.388303,9.831055
5.008169,7.1152186
5.8628244,8.10767
5.4368796,7.796219
5.4259505,7.10819
4.3465843,8.885562
5.5902796,8.382818
12.459505,15.105008
4.2699666,8.4772835
4.564331,8.151309
6.2906966,6.8855352
4.280321,8.1711
6.582431,6.8053174
5.700963,7.1716294
6.6352434,8.8813305
6.599992,8.958964
7.3562045,10.080299
5.540625,8.384846
8.365335,11.447513
10.86328,10.114315
5.2318883,7.1662254
7.3631716,9.838441
5.103162,7.1724677
7.333583,9.992274
12.547423,14.339494
6.096862,8.511057
15.461697,13.198189
6.6242146,6.757477
12.689735,12.525014
9.237352,10.963283
14.886662,11.924965
13.243228,14.817349
8.02479,10.173314
8.944374,9.895258
5.301856,7.8508515
12.52908,15.009188
8.824123,10.4583025
16.732204,12.952348
7.1455574,7.257583
6.250003,8.25369
7.98274,10.3198595
12.670651,11.130056
13.203215,11.021685
14.292603,10.739575
12.2541685,13.224471
12.625197,10.689863
12.159353,12.538825
14.269551,12.302623
14.233603,11.021305
13.642958,12.456785
4.7648835,8.528681
6.296097,8.798069
5.2872076,7.723044
7.3934608,10.156177
5.2558784,7.3881106
5.180051,7.2514563
5.974122,6.7764945
6.9730487,7.634355
6.4693394,6.623926
6.306957,8.702453
6.919572,6.8580694
6.2211356,8.688709
6.4959717,7.8877034
7.190278,7.380503
7.1128135,7.239036
6.539238,7.174827
7.374624,9.716464
7.5049524,9.790423
5.631187,7.854673
6.1998863,8.030039
4.766631,9.026026
5.9725933,8.223938
4.804932,8.459833
4.8703437,8.378432
13.747706,14.796205
5.3954816,8.866415
6.1616807,7.287614
6.636163,6.819157
6.0970526,7.3113713
6.1389465,8.292495
6.456307,7.6718793
6.6174555,7.844665
5.9688406,7.9654183
5.732854,7.968033
5.779701,7.850342
4.183634,8.133931
4.9564137,8.587096
4.5646057,8.752309
9.264123,10.669475
13.398024,13.99234
9.48691,11.3361
13.604207,16.067524
14.577441,14.185555
8.907176,10.114037
14.760876,14.961621
14.315494,14.497444
12.669174,14.444093
6.892244,7.4254737
4.3046246,8.165956
4.624555,8.547036
5.299598,6.888981
6.1791673,7.4155946
5.104564,7.519113
4.8174167,8.879628
5.765009,7.9653783
5.490465,7.4465084
4.413885,7.9454856
4.356568,8.194803
4.6702433,9.018665
6.1360264,8.863325
5.26813,8.909289
4.1376524,8.736731
5.651916,6.8198166
4.005997,8.734236
5.1353397,7.147134
4.381876,8.12323
6.233021,7.5689273
5.9523997,8.155127
5.1347685,8.971548
6.3918123,8.357184
12.619813,16.191654
9.463736,11.277119
8.684197,11.504081
13.924457,15.67818
12.157743,14.12695
16.421228,12.48024
9.16402,12.094635
13.8946705,15.757426
13.8747425,15.982658
14.668725,14.259471
14.817885,14.555989
14.652756,14.246056
9.020969,11.45498
12.121032,14.52255
9.0907135,11.484404
5.07793,8.606766
5.8577194,7.369979
5.7131386,8.296962
5.2723427,7.147465
4.081461,8.632031
5.5518937,7.063517
6.2599382,8.5246
6.358741,7.902928
6.2600865,8.038456
14.477054,14.921595
8.717907,11.477617
14.650831,14.6940365
9.203428,11.407339
9.772311,10.721713
9.698383,11.0863085
8.840441,9.973047
8.930868,10.505119
9.489698,9.780416
9.103849,11.674335
8.759176,11.928581
8.808813,11.911967
8.727821,11.959032
9.315802,11.67741
15.754646,13.531017
13.863666,15.711788
13.532944,12.490115
13.765165,16.446796
13.771303,12.585923
6.340859,8.83422
5.1776147,7.9331717
6.2912517,8.834163
6.1763315,8.05818
6.910645,8.196741
6.9211674,8.496357
5.5962496,7.072947
5.3914537,7.9143996
5.4414535,7.864404
9.69282,10.425469
13.648192,16.256176
9.193482,11.221752
15.989836,12.266929
15.531837,13.913804
15.894596,12.493452
12.439996,15.172465
7.8699636,10.818502
12.780913,15.5561285
10.731331,10.287955
14.594301,15.16386
12.235513,13.581948
13.536718,14.28729
5.875671,7.8166656
5.9740167,8.601725
5.6628265,7.1343923
4.501234,8.803068
5.9895124,6.6752357
12.289743,14.792625
6.064159,8.05338
5.554904,7.7383456
5.783067,7.7566023
5.890634,7.1272163
5.7454515,7.5577254
4.278717,8.276296
4.249184,8.346974
5.647297,7.304615
4.33094,8.199167
14.099631,15.699923
9.671023,10.112589
14.072722,15.342257
15.565622,13.176424
14.1420765,11.813249
8.941271,11.696721
10.288824,11.476736
7.8745313,8.918037
8.819166,11.864784
9.119778,11.108235
12.156733,13.891884
8.986906,10.845924
9.9599905,10.256234
9.412437,10.611697
14.491505,11.533649
13.134037,13.41136
9.977293,11.125478
9.79745,11.209518
10.201798,10.793341
5.8997116,7.591062
4.5597453,8.803271
6.027609,7.774602
4.6879897,7.891953
6.8669095,6.8222857
5.0135593,7.2972393
6.421422,7.996411
6.4997435,7.7556477
6.563878,6.8994584
5.9543023,6.7342153
6.256606,7.8920727
6.2148976,7.786885
5.85256,8.127197
7.004547,7.3016057
7.1562448,7.1755567
6.134832,6.7487516
6.6763277,8.254973
6.048558,7.9030294
5.9171762,6.6318398
6.833892,9.115765
9.357655,11.475479
6.192206,6.8380294
6.1522703,6.8791585
6.324348,6.696432
4.2634063,8.185558
6.207096,7.21734
6.8022346,6.920904
5.504592,7.124016
6.078293,8.051647
6.3134446,6.810664
5.5489163,7.713796
5.695315,8.346604
5.1545906,7.194097
5.9249396,6.9100933
6.124606,7.5138364
5.984123,7.4724517
5.9822073,7.471665
6.5476527,6.8196588
6.0091915,7.470043
5.808465,6.915743
6.735261,7.5297923
6.692622,7.560664
4.3781962,8.520169
6.004762,8.262395
4.266216,8.571455
6.070521,8.4874325
7.049685,7.5116444
7.0335097,7.484498
5.743402,7.403336
5.9370794,7.269607
5.2803893,7.357267
6.6505322,6.7722883
6.4821634,7.7388678
6.5698733,7.6732016
4.952292,8.535918
5.6335673,8.248607
5.759413,8.203655
6.004232,8.03155
6.503367,7.812666
4.5163646,8.227987
6.307515,8.105713
6.3890004,8.32006
6.0356336,8.174555
6.422665,7.955985
4.3674097,8.595213
5.5072765,8.2695
4.585981,8.467865
4.735709,8.528062
5.8215847,8.25363
4.096402,8.594096
4.5982656,8.944259
6.7665553,7.1151757
5.6074123,7.4462323
5.941194,6.72411
4.2509456,8.646406
5.752063,6.956133
6.0659485,8.170773
6.1320224,8.115803
4.9654956,8.452445
6.1069927,7.877375
6.0752625,6.8648744
4.209694,8.620775
5.5192714,8.057207
4.458451,8.6689825
4.775077,9.004262
4.5563717,8.282021
4.1477056,8.609625
4.720618,8.51473
6.3687005,7.4548745
5.5070977,7.4061146
6.981196,6.937395
6.0186133,7.1130705
6.6296697,6.882341
10.256966,10.543515
9.633233,11.366657
9.8077135,11.163151
9.514742,11.250162
14.367021,11.163502
14.34398,11.246781
9.076027,9.928853
15.653671,13.033571
9.168209,11.165417
10.3312025,11.048548
10.694277,10.364778
12.716857,16.190859
10.692621,10.3882
5.43047,7.751294
5.5331583,7.3053465
5.4796586,7.400041
6.4202304,6.7697687
4.9952307,7.217358
6.226997,6.895015
5.243851,7.7105045
4.449542,8.586436
5.488862,7.6133504
5.607511,7.6854043
4.277964,8.856186
4.741923,8.356393
6.168054,6.5379252
6.279358,6.8155985
4.397495,8.084013
5.555933,7.5799036
4.8720574,8.697781
5.05887,8.503033
5.201232,8.158463
5.977761,7.4144363
5.831692,6.9612474
5.373076,7.9574313
5.926207,7.503177
6.155419,7.701983
5.503272,7.2768087
6.2742863,7.1839623
6.2558975,8.464951
5.229324,7.188774
5.6168947,7.4806056
6.272308,8.804942
6.408672,7.685242
6.8894763,9.564445
4.254255,8.369221
6.138062,7.66975
7.090118,7.73072
5.969716,7.293413
5.6401587,7.197674
6.342787,6.9146166
6.5330243,7.619799
5.737082,6.9476304
4.8040013,8.695049
5.691689,7.5601673
4.8460155,8.279446
6.0054913,6.89177
5.923646,6.773621
6.2243495,6.6796684
5.5284543,7.6789107
6.0149884,7.14647
5.9480987,8.362488
5.3954487,7.209985
6.417648,7.8323483
6.103788,9.254317
5.688204,6.861477
4.8464336,8.643079
4.2582726,8.653074
4.9154506,8.633188
6.559653,8.42416
6.662137,8.058369
4.819397,8.937517
4.835428,8.943393
5.0993333,7.6079807
5.758719,6.9913297
5.552777,7.0398583
4.1364965,8.6008625
4.3775396,8.18305
4.3330245,8.033153
5.4241915,7.610675
4.5160017,8.466573
5.1265607,8.915224
7.1021423,7.2126737
6.792514,7.5576167
7.1076264,7.479203
6.0657253,6.677275
6.352854,7.349063
5.006458,8.203812
5.942386,8.032035
5.823733,7.8277826
6.133075,7.8699303
6.47897,7.954982
5.4445686,7.2279305
5.8033333,7.959003
6.7776303,6.7640896
5.996121,8.0258665
5.735553,8.4510145
4.989283,8.7307
5.770435,8.02251
6.8298335,7.7869225
5.8199205,7.912788
5.187919,8.620602
5.611441,8.1489105
5.877721,8.283618
5.916982,8.070113
4.649206,8.737197
5.68653,7.8718586
5.928559,7.7090354
7.1420755,8.085247
6.8693423,7.5637994
4.4639335,8.912062
4.3299856,7.950763
4.5372243,8.923859
4.094678,8.558724
4.458122,8.488375
6.706815,6.7367854
6.7768016,7.388717
6.897265,7.667282
6.5167108,8.056007
6.5219913,8.035162
4.7723265,7.648637
4.213559,8.609128
7.048962,7.027371
6.451457,8.012308
7.0455146,7.625092
6.886896,8.740873
6.156302,8.401915
5.221408,8.757246
4.716357,8.53594
5.0260997,8.691993
6.083747,6.515883
6.3794765,8.1419115
4.5387816,8.450807
4.521589,8.55477
4.294328,8.54971
4.7859645,8.3229475
4.825065,8.571235
4.8447886,8.391456
6.080236,7.3770375
13.292125,11.368363
9.485008,11.312182
14.9359665,13.389793
13.559264,15.341715
13.575761,15.616455
13.549602,15.603185
11.112793,10.170191
12.853549,13.117829
10.544591,9.894203
6.1627717,8.096966
5.4408064,7.5070205
6.0069146,7.53308
5.566417,8.775415
6.217479,7.0878525
6.3271456,8.546745
6.025458,6.7202196
5.2875786,7.4815426
6.093888,6.6173496
5.519572,6.8996706
5.780497,8.365074
8.097565,10.595098
7.337649,9.646125
4.817633,8.774725
6.444133,7.350672
5.97862,7.834872
5.9312067,7.550574
6.2226768,7.713955
4.766898,8.788704
5.9351363,7.206945
5.1396804,8.797083
6.877118,7.8078876
5.662527,7.064698
6.1345587,7.525794
6.3337564,7.908571
5.9126463,7.399319
6.548947,8.015311
5.9651103,7.949311
6.7909617,9.152695
6.7234282,9.101705
5.0624065,7.3774853
4.1426873,8.575262
5.086462,7.535407
4.1156483,8.497965
7.008066,7.1859956
4.1865683,8.396584
5.713015,8.440662
7.083597,7.5742807
6.9566064,7.7853746
6.073953,8.052638
5.795311,7.5267878
5.876196,7.1393285
5.756264,7.7432294
4.3864336,9.00498
4.672124,9.038862
6.962903,6.91224
6.8890824,6.8951325
6.5594597,6.8055058
6.7572184,6.97193
6.4136586,6.7420945
5.259717,7.901711
4.316976,8.970435
5.4420595,7.877148
4.6994996,8.647345
4.811226,9.02975
6.4706755,7.771139
6.6418667,6.913946
4.1101265,8.543773
5.83819,6.744259
5.139341,8.5867405
5.5714626,8.389411
5.7241573,7.004867
5.1633587,7.9866123
5.1381936,7.7097096
5.364304,7.112142
5.944801,7.645941
5.5198603,8.184291
5.667789,8.418899
6.529002,7.323942
6.424241,6.7938237
7.1089215,7.2068152
5.0624356,8.286633
5.910726,6.8308363
6.2212024,7.240651
5.555515,7.650631
5.9133873,7.0396786
6.229896,8.209014
4.187663,8.5443535
4.7466826,8.351947
6.9692116,6.9762945
4.2293735,8.282898
4.349814,8.84704
5.2250934,8.691156
12.802392,12.402878
6.5046563,7.8505898
4.3684464,8.53674
6.5466485,7.3957353
6.438905,7.3325896
4.3514233,8.205806
6.44228,7.2092695
4.3911605,8.019755
6.304628,7.8660507
5.6821485,8.12747
6.2940416,7.407207
13.011712,14.6997595
5.8298845,7.8971376
4.3657084,7.990852
5.13514,7.1212797
4.7860446,8.200757
6.945482,9.00433
5.080954,8.461163
6.172115,8.226358
6.3824964,7.956812
5.3956323,7.100779
5.601831,7.4030085
6.9814534,7.6253037
6.2235193,7.61678
6.2997913,7.8763027
5.4377007,7.919407
6.763547,6.8467765
6.810065,7.257247
6.5835047,7.522874
6.8609095,8.776469
6.541977,6.815764
7.538808,10.432105
4.2755365,8.319132
6.5173974,7.958092
6.694554,7.67956
5.525016,7.4207478
6.1406965,7.98434
6.0981693,7.150453
6.68836,8.238448
4.822591,8.993361
6.1000323,8.1468725
6.899443,8.137584
7.077113,7.405039
6.91155,7.045987
5.8598003,7.6563683
6.8016877,7.4395304
9.154796,11.191879
13.612361,16.123865
12.819801,15.901472
4.9709487,8.517837
4.094383,8.514024
4.820452,8.532009
4.8771324,8.588886
5.6580944,8.313656
5.548955,8.232044
6.867349,8.057824
6.786841,7.0623693
6.862818,7.255008
4.5824833,8.701021
6.148913,7.999573
5.4869423,7.7256618
6.762844,6.9011974
6.5344143,8.486775
6.771911,6.9689426
4.353739,8.740756
6.6486297,9.242351
5.752493,8.062437
5.113098,8.86399
5.685622,6.964956
6.1878133,7.620166
6.446924,6.8010883
4.260554,8.872159
4.8135424,8.963846
6.198676,7.1555386
6.1962686,7.32135
6.26047,7.318169
6.199792,7.0960336
5.8582964,8.73852
4.163707,8.324831
6.481665,6.86568
5.2175355,7.345819
5.638532,7.01314
6.1602955,7.776585
5.6212893,8.364263
5.7751803,8.249874
6.283814,8.262214
6.2300725,8.812147
6.347689,9.028572
11.092587,10.279178
9.928168,10.527646
12.25114,16.230656
13.399449,14.770251
9.6892185,11.211034
9.759267,11.300294
10.502655,10.951373
9.92983,11.5471525
12.487363,15.234183
8.521677,11.746147
9.610025,11.070761
13.344294,12.9347315
14.212727,16.158396
13.174266,12.17412
14.567425,10.881891
14.147977,11.130303
13.35673,11.206565
9.329595,10.2335825
8.520203,10.534643
9.796772,10.127912
8.716101,10.390307
8.164893,10.217876
8.629731,11.50081
9.338719,11.241422
13.13969,11.243595
12.989345,15.8681755
13.989745,15.667992
12.724138,16.440115
10.589527,10.2099085
9.774231,10.752875
16.062416,12.272418
9.884023,10.324751
7.9464965,10.777596
9.75025,10.581953
9.615471,10.24346
13.007765,13.307569
10.21389,10.323148
12.180153,13.639113
10.020378,10.73191
8.819563,11.024521
8.826555,10.99247
14.837104,14.527965
14.802492,13.240913
9.1154,11.351174
12.908667,14.24454
12.738274,14.121789
8.201837,10.960181
16.346272,13.199696
15.861101,12.800264
9.923538,10.611915
9.255629,11.664018
6.962498,6.723943
14.219321,14.813328
9.906326,11.72518
11.007073,10.308578
10.971533,10.227844
10.228152,10.5687895
9.975097,10.739328
8.755798,10.447509
9.592934,11.315618
14.436511,12.277578
8.769606,11.824674
13.027866,15.758146
9.892441,9.996986
14.906399,12.536058
9.768756,11.225228
13.033872,16.06663
12.95823,10.655092
8.601063,10.449607
13.925197,13.975356
14.754672,14.286002
9.698152,10.726981
9.949278,9.724399
14.815419,11.950815
14.65556,15.25992
14.332808,11.128467
10.044739,9.971615
10.17028,10.515246
12.928878,12.253301
10.705833,10.845037
12.739501,12.0693865
13.474243,14.169009
9.794646,10.046726
13.559637,13.74598
9.298236,10.1186285
14.456503,15.230546
8.730456,10.974849
9.380579,11.668456
13.499218,15.929599
9.178963,11.826067
9.614734,10.539811
9.788759,11.664277
8.945702,11.800116
9.890524,11.617478
9.086209,10.790016
12.200381,13.845192
9.37291,11.571298
9.483555,11.448861
12.167971,13.90846
12.220617,14.245064
9.389474,11.490483
13.248787,13.49025
15.893146,12.704564
9.0664215,11.952494
12.331368,15.3272705
12.6648245,14.167466
9.313357,10.133691
9.241703,11.742949
10.369653,9.907467
9.730587,10.938805
10.597202,9.918122
10.068674,10.701711
9.896614,10.918803
8.543019,10.519913
9.818643,10.153579
8.893283,11.757173
11.0266,11.0213
15.028504,13.388089
9.044801,10.319438
13.080063,11.965233
12.198597,14.097163
8.9453745,11.108104
10.086183,11.342108
7.415726,8.499182
8.664758,10.533575
13.137352,12.554692
17.093763,12.56728
9.787945,10.640408
16.837084,12.477483
12.644114,15.082936
12.547839,13.118106
13.026071,12.588999
12.337096,13.411874
12.198335,12.755146
14.387644,11.118317
12.964432,13.344611
9.693232,11.411284
7.896408,10.685906
9.018508,11.73949
8.020757,10.537489
9.6236,10.224174
9.463852,11.794806
14.382755,11.317235
13.655462,16.141518
8.168108,10.650055
7.831754,10.928829
9.275971,10.773764
16.25775,12.816971
8.844473,9.984515
8.720407,10.717871
12.97723,11.432581
16.740704,12.314869
14.466535,14.56746
12.621935,15.620096
9.377155,11.472788
12.886197,11.53641
9.562784,11.291211
13.394778,12.70983
8.43519,10.474515
8.226037,10.206815
10.246249,11.280162
13.416132,12.752066
13.571146,10.599881
14.661644,14.2407255
9.81929,11.173492
14.69642,13.02337
9.494766,11.717685
9.079965,11.835241
12.465552,15.953561
14.296171,15.671913
10.051548,10.737379
9.42741,11.339637
13.431288,15.54177
13.876043,15.43467
10.138516,9.816511
15.835444,12.135533
14.255469,11.80669
9.462093,9.87857
11.082406,10.4610405
14.970877,14.466158
8.549275,10.9780855
12.542148,12.8159895
9.986232,10.294447
10.857411,10.2204485
16.738258,12.389145
9.926944,10.575126
15.374182,12.915937
10.9867,10.152668
10.13758,11.190698
9.61417,10.088379
13.246182,13.667582
8.665905,11.113773
13.429225,11.287937
13.77718,15.880528
8.8271265,10.526045
8.648562,10.546175
13.056832,12.536941
10.096603,9.78008
7.8258824,10.823618
14.246956,16.170496
12.665213,16.18213
15.411311,13.349431
8.681804,10.46252
10.306739,10.021607
11.876502,11.947508
9.7262,10.802766
15.921073,13.981106
12.145113,13.879157
9.539504,11.255956
9.014861,11.568763
12.966644,16.058136
10.922864,10.340845
9.834229,10.491389
12.812286,15.958804
12.65436,16.772512
14.961956,14.600764
9.337451,11.742528
14.84952,15.328938
15.44373,12.109796
8.995909,10.546136
10.1694765,10.644806
15.845528,13.662666
9.596574,10.827875
14.276738,15.820293
9.59777,10.435831
8.151239,10.853696
10.546508,10.670334
9.504218,10.86881
9.554187,10.426611
14.952923,14.706732
13.500127,13.0995865
9.557754,10.452222
14.159756,14.39244
9.180683,11.053951
12.775123,16.5197
8.552677,10.532564
12.649841,15.347967
8.186833,10.725202
9.915758,9.810378
12.808455,16.648956
10.926306,10.321027
15.400978,14.033369
10.298479,10.618106
9.2321005,9.735082
13.04042,13.420046
10.246259,11.032923
9.657083,10.7601385
8.774518,11.427396
14.398506,15.816607
9.5117445,11.763808
13.093552,15.92449
12.834611,12.164025
12.173188,13.921071
9.419645,11.551757
8.952166,11.688257
14.856433,13.211323
15.015254,13.504436
8.854813,10.675615
11.239096,10.37799
8.687474,11.434376
9.724509,11.382746
13.883859,14.741035
7.8648267,10.020603
9.469341,10.593905
8.128554,10.630125
8.562682,10.780865
8.195878,10.524096
13.534784,13.069062
13.088615,12.324411
13.393032,14.899294
14.989293,12.338604
14.747209,11.788144
12.406358,11.743804
9.091963,9.93263
9.971836,10.874706
9.647165,10.506984
12.871986,12.988244
8.976063,9.977798
13.577497,16.042526
12.574073,15.777768
10.073162,11.590052
8.876353,9.9851465
14.260002,16.132723
14.278649,16.18156
12.096752,13.963717
9.7849,10.667567
6.908967,8.18139
12.869211,15.850125
14.985969,12.01066
12.8894825,15.459566
8.162503,10.358523
15.987864,13.019856
9.983801,11.01106
12.656875,12.2885
16.448187,12.126214
9.257714,10.222388
8.301698,10.642225
9.313865,11.512174
9.349953,11.825224
12.8141985,13.896883
14.370169,11.037406
14.504993,15.0983
8.501153,10.685985
8.430815,10.517768
12.913872,11.7651
13.385499,14.5337925
14.89043,12.050129
12.860146,10.716829
9.593557,11.381497
8.482946,10.4229355
13.2947645,13.6185255
8.7641,10.080793
13.960644,16.345879
13.816106,15.670332
8.35814,10.391983
7.981701,10.751124
8.17241,10.352688
14.795326,11.912608
13.49238,11.04231
8.597488,10.402107
9.844768,10.836175
12.689537,10.435863
14.424419,11.020035
10.005921,11.073118
8.460168,10.675462
15.794119,12.814996
10.008577,10.688923
10.030894,9.700922
13.270038,13.304686
10.259562,10.556735
14.394821,10.945392
14.70534,11.595042
14.349457,14.58253
10.999462,10.2007065
13.108085,12.420981
14.145691,11.263464
6.6498914,7.7558217
12.697963,11.978113
7.777498,9.910446
12.258587,13.154825
14.635765,11.684199
12.39115,14.041832
13.494605,13.745092
13.712907,15.746513
10.253958,10.029499
13.52937,16.26906
9.300414,10.815299
9.952561,9.839373
10.243463,11.26688
9.255976,10.11283
15.782866,12.884766
10.884428,10.561907
12.178488,14.027057
9.088275,9.941718
9.65394,11.451109
12.224422,16.083265
8.487844,10.560838
13.625553,13.130872
9.201062,11.276534
13.41081,12.113578
13.452754,12.813235
9.201462,10.629276
10.166389,11.567204
14.886359,12.600207
9.059828,10.012122
15.194675,12.439787
13.605321,14.467702
12.126496,12.51154
13.230652,12.2811985
9.550217,11.763946
12.354026,15.305484
9.706357,11.736204
13.616875,13.114335
10.167174,10.653283
8.074656,10.2862625
12.819579,11.227095
9.51776,11.521702
9.248667,11.044662
12.245462,16.16068
13.4588585,13.150036
12.301599,16.192074
10.167484,9.869992
12.907116,12.296528
9.784036,10.758506
12.171066,12.71242
12.190541,12.778664
12.23055,14.256435
9.261246,10.650819
16.384748,13.077093
14.204685,12.204156
15.030968,12.600312
13.288126,12.238967
15.989659,13.430092
14.951932,13.451961
15.736335,12.885519
13.286189,15.023608
12.32314,15.30163
13.138214,11.98045
9.471641,10.407241
8.94095,11.875999
14.243766,16.395945
12.260969,13.620217
10.17749,11.532837
9.534806,10.733712
9.321049,11.037207
10.331592,9.840144
8.665619,11.363925
14.539064,11.748225
9.914424,10.494443
9.583394,11.38295
15.967688,12.223509
13.50816,12.861264
16.534039,12.281968
10.516422,9.976582
12.153764,15.961472
9.718208,10.543948
12.110617,13.638422
10.838346,10.137517
15.612917,12.78957
12.27735,13.637653
10.117676,10.6347
10.536869,9.987141
8.465511,10.707105
13.467367,12.97578
9.406766,10.760229
9.826787,11.308144
10.162309,10.512861
9.621658,10.870026
9.064204,11.606967
9.002363,11.632648
9.169479,10.0418415
13.138865,12.454842
15.745741,12.864736
12.476271,16.703886
13.85997,16.383457
16.428528,13.787426
12.24695,15.959375
14.811062,15.39481
16.213335,13.323418
12.410878,15.451428
13.138868,14.969876
13.141245,14.242817
14.262572,16.382084
16.140942,12.367039
12.165092,14.377826
14.984759,14.769378
14.516094,15.4174
16.47241,13.128983
15.9679785,13.903356
14.838345,15.243808
14.345735,15.856037
13.119394,14.94845
8.619747,11.565237
12.210148,16.000973
15.662621,13.934503
12.938816,15.599339
16.777815,13.141978
14.996659,12.658073
12.564703,16.480524
14.609295,15.02713
13.8165045,16.087194
17.075846,12.585411
12.644341,14.644134
12.783639,16.776497
12.51292,15.090601
13.176413,14.91906
17.08256,12.880874
14.176325,16.258757
16.996658,12.444948
12.121968,14.162569
13.448913,14.604225
17.038094,12.535658
16.996897,12.428409
12.135627,16.297009
12.452662,16.755869
12.811069,13.826308
16.502785,13.654321
16.360949,13.759983
12.898137,14.820242
15.999214,13.62328
13.378372,15.765575
9.132274,11.107807
16.769787,13.092322
14.355249,16.253595
12.275443,16.321434
17.062328,12.89793
14.082759,16.482807
12.6586895,16.793406
12.704275,16.366802
14.145119,16.419827
16.604805,13.571453
13.335507,14.708366
12.936403,16.5718
17.046099,12.847466
13.206554,14.899805
13.206149,14.927763
13.607776,15.749817
12.999248,15.059666
15.534077,13.857849
13.8834305,16.581087
14.569048,15.8155575
12.672275,15.069297
13.729737,16.579521
12.787769,16.761606
13.417067,14.778145
12.850651,14.838026
12.5157585,15.642527
14.602357,15.901204
12.698633,15.114875
13.30079,15.689498
13.775503,16.594421
14.829412,15.374645
14.525993,15.758263
15.545261,13.953472
13.850539,16.66047
12.941672,16.636572
12.775029,16.557606
14.481383,14.691567
17.074894,12.58335
12.619932,15.25319
16.024256,12.70982
17.052187,12.476992
14.71982,15.358284
7.930775,10.764033
14.183108,16.35311
9.445025,11.175584
12.125188,16.20449
13.58644,16.647871
15.879321,13.65122
17.054344,12.923648
13.366454,14.751237
12.646592,14.3873415
14.191212,16.52004
12.842661,16.305984
14.339154,16.246902
16.412245,13.620621
14.763889,14.981483
16.24827,13.266222
14.457188,15.853028
8.690395,11.831754
13.402133,14.640333
13.218591,16.719713
12.503615,16.102402
13.238023,14.563847
16.253307,13.2531395
9.064087,11.69154
13.759156,16.157404
12.794588,16.190142
12.209409,16.09179
13.087035,14.832677
14.056285,15.882629
8.590793,11.635276
14.18573,14.6994505
14.925322,15.240157
12.276134,16.224672
16.247807,12.521559
16.063162,12.470804
12.663249,16.473133
17.087425,12.515981
16.393204,13.705069
16.34523,13.307884
13.671172,16.309631
13.694837,16.370792
12.664677,16.688902
12.486757,15.960095
13.762353,15.890727
12.50535,16.018013
16.520563,13.716853
15.602387,13.614047
14.688855,14.184018
16.607788,13.124564
14.121724,15.772824
13.639662,16.512873
17.087898,12.728189
13.464257,15.946423
13.6558275,16.609293
13.136829,14.4546175
16.146347,13.408051
15.003679,14.695691
12.858754,16.71163
14.364844,16.17914
14.102099,16.055204
16.161339,13.416041
12.592751,16.840689
14.978401,14.975282
12.689307,16.784285
12.899462,15.809525
13.19725,14.76482
12.242361,15.99863
8.666218,11.794407
12.518244,15.373283
14.949854,13.358662
17.050611,12.519617
13.022377,15.037088
14.2227545,16.126347
12.813377,16.365974
13.026749,15.044415
12.187264,16.373854
8.816594,11.719214
14.258571,16.277739
8.773407,11.57633
12.663895,16.393152
14.111794,16.294098
16.344288,13.328975
17.000992,12.976184
13.227156,14.965943
16.940653,12.970988
13.6367855,13.701044
14.619762,15.179971
12.144608,16.066345
13.128149,16.101505
13.216584,13.679535
14.1822,15.785026
12.674952,14.993313
12.32926,16.390024
16.733353,12.629349
12.57289,15.3335495
12.893271,16.720331
13.676992,16.611753
6.7405314,7.993115
6.405119,7.1082683
7.3306904,9.910399
6.983251,7.3764935
6.6759663,8.086852
4.337101,8.627481
5.9684157,7.3199873
5.9696193,7.629639
5.0419035,7.3752522
5.8592057,8.291551
6.921408,8.002712
5.3961716,8.530059
5.6667843,7.6511645
6.5507727,7.578662
4.277966,8.860222
6.7030187,7.396379
6.964686,7.337337
5.480001,7.57495
5.5134473,7.035524
6.451671,7.582198
6.9047647,8.54282
4.3448086,8.611828
6.9482646,9.069642
5.723015,7.460623
4.657594,8.192535
6.2857337,6.962173
6.2503705,6.7674375
5.6279984,7.9808083
5.47458,7.4387565
6.30436,7.968197
13.89161,11.072317
11.103184,10.323933
14.904062,11.700974
14.25985,11.297275
13.640835,12.989384
14.779648,12.580012
13.179556,12.711174
10.115908,11.00364
12.556877,12.304553
13.080796,10.652051
14.414159,11.7219
13.193337,12.581619
12.36657,10.58505
13.052706,11.033891
12.943043,12.712731
9.806123,11.284457
12.678823,10.796564
10.551871,10.655525
12.452115,12.144407
13.10737,11.73744
14.449569,11.862721
12.425328,10.869988
13.215503,10.850593
13.005204,11.826258
11.176709,10.598313
10.514434,10.396095
13.342923,12.985884
12.625854,10.668339
12.9197235,11.193191
11.774329,11.458444
12.381125,12.602036
14.322001,11.856956
12.269825,13.441775
12.561128,15.13431
12.247229,12.235305
12.8259,12.003971
14.327956,14.100261
12.826281,12.1031685
13.778375,10.700244
12.281671,12.361284
13.189818,10.681165
12.60062,12.291428
12.595147,10.867577
10.059183,10.283884
12.407049,12.74397
12.487214,10.890163
9.814477,11.385208
12.253198,13.460714
12.364687,12.142444
10.495715,10.45391
11.277236,10.499385
13.980891,11.006237
13.171853,10.778403
10.023603,10.930708
13.300722,10.606286
12.427747,12.554995
12.6831,11.98503
13.147882,10.628647
12.077579,11.686331
13.841736,10.777999
13.319841,12.953435
13.331038,12.826852
8.584691,10.285549
13.237099,10.878874
14.136874,10.783537
14.112015,12.171142
12.859129,10.876067
13.229688,10.908399
13.434573,11.572418
12.818048,10.742169
13.181918,11.806757
15.23401,11.789899
14.388086,11.894281
10.76269,11.067857
11.2773485,11.193168
13.121847,16.562508
9.616042,11.551713
14.139459,12.250988
12.3520355,12.55542
14.156147,11.808966
9.898807,10.12487
14.143134,12.240619
13.65264,12.901362
10.869512,10.327726
12.075763,12.386193
13.182929,12.616001
12.459036,12.550876
13.1884775,10.596733
13.189277,12.661522
13.194821,12.076879
10.996047,10.267322
13.817135,11.065609
12.397386,12.231676
12.227722,11.633993
13.130244,11.110197
14.646698,11.90212
12.538074,12.595494
12.935098,12.890528
13.345445,10.734804
14.103961,11.341811
12.310776,11.561594
12.986679,12.145652
14.808368,13.176491
12.463981,12.522356
12.419658,11.776287
5.416722,7.1496844
9.502553,9.640493
4.2219825,8.185326
6.2926393,8.281964
6.6996527,8.142203
6.71123,8.208268
4.6510615,8.664648
6.671689,7.04903
4.599188,8.628087
5.181418,8.785984
6.2160544,7.61568
5.8894377,8.128771
4.5524025,9.018202
5.912549,7.3523903
4.573102,8.785517
6.254565,6.9913936
4.4392476,8.587421
4.5298424,8.94586
5.4513764,8.121047
4.6191454,8.964898
6.157881,7.2936034
5.596408,7.9509087
6.118894,7.7911386
5.598018,7.1404176
5.381135,7.527076
6.182126,6.765926
4.6648273,8.613172
6.5864153,6.6937304
5.218014,7.5134993
6.884035,7.6409864
7.130286,7.5629215
5.9624786,7.1931725
6.26361,8.840427
6.156766,8.720964
4.268479,8.690844
4.6185904,8.912814
4.277976,8.469513
6.13197,7.005924
5.0207076,7.20663
4.5284433,8.532175
5.4951997,7.7034817
4.5212955,8.677053
5.8236685,7.5098267
5.1458974,7.239169
4.332695,8.089753
6.2213416,8.08055
4.4720893,7.998149
12.17452,12.235129
12.22226,11.843133
12.85112,11.334424
12.960065,11.4462805
13.763953,12.837929
12.260622,11.680599
12.864876,11.349656
13.039546,10.584202
10.781933,10.016885
13.824212,12.636702
13.766102,12.665479
11.563876,11.2949095
12.294065,11.821821
11.31927,10.415446
13.9883,11.201756
13.806043,10.940121
12.343877,12.21956
9.941162,11.188243
14.299727,11.100491
12.6638565,11.409321
13.384811,11.272013
12.633412,12.079222
12.689577,10.633669
11.414905,10.406345
10.286552,11.279047
13.038912,12.663649
13.8182125,12.619051
10.126899,11.387688
13.506881,12.741279
12.578763,10.445985
14.123506,12.277988
11.092958,10.317845
10.225026,10.561808
12.451814,10.8828335
10.917168,10.207958
13.8632145,11.035265
11.845411,10.459469
11.273514,11.035751
14.277497,10.9836235
12.223232,12.293375
12.9600725,12.879077
12.228218,12.315384
10.064979,11.160198
10.10358,9.836406
12.166592,12.2606325
12.516374,10.627301
12.625733,12.3248005
13.814643,11.912997
12.456238,12.59818
14.504778,11.320909
14.293283,11.024728
13.291877,12.581217
13.274921,10.653748
11.138329,10.339611
12.998477,11.10206
12.72963,11.678556
14.430341,12.09557
14.398471,12.335898
14.399205,11.768895
12.462897,12.468702
14.387424,11.154835
12.163759,12.344604
13.129803,11.775255
12.305738,12.631633
13.368548,12.754375
9.597488,10.57811
13.049165,11.672606
10.2204275,11.614696
14.195091,11.043198
14.6477995,12.081741
12.140818,12.406855
6.6821856,6.864929
5.079598,7.548444
6.0913267,7.6822863
5.649832,8.3315525
5.585061,8.009291
4.3108983,8.390815
6.561674,7.454829
5.5922623,8.33785
4.436474,8.443814
6.733724,6.8947735
6.8704906,7.189313
5.7414293,7.6839566
6.1152344,7.6848474
5.624855,8.506339
6.388015,7.865361
6.764729,7.3219213
5.3816104,7.903239
6.8322644,7.0013547
13.040592,10.995288
14.624397,12.300659
11.793016,11.472993
14.415549,12.260361
14.103989,10.907981
13.781532,12.664654
12.425912,12.422156
13.426974,10.957806
12.746095,12.002588
13.364998,11.339178
12.682772,10.911381
11.208389,10.300936
10.130247,11.475249
14.277013,11.159607
10.135074,10.60318
12.605267,12.224048
13.149068,11.028883
13.816995,12.682971
9.608251,11.391218
13.399007,12.7871895
14.531571,11.93418
13.337252,12.50982
12.490052,12.11274
12.461191,12.405899
12.089917,12.308518
13.154526,11.082214
12.349157,10.871063
12.528767,10.588607
10.136486,11.490517
13.892216,10.946897
13.440038,12.7268915
14.50235,14.245273
14.862621,12.024379
11.235582,10.7416
4.96795,8.647337
7.2366347,9.898032
4.869847,9.017281
5.9994035,8.329147
4.783161,9.078158
6.084337,8.210184
5.3956466,7.7951517
5.4942327,7.642023
5.6839147,7.1102533
5.116658,7.279291
9.988102,10.748844
6.155246,7.759264
6.5888686,7.3624125
5.9798765,7.739114
6.647176,6.9998665
5.1700616,8.522093
6.9638944,7.530099
6.1146827,7.3818927
5.8267684,8.218815
4.506834,8.682196
4.7140894,8.299508
6.549281,8.055256
6.0847187,7.198356
4.9357204,8.598972
4.8241477,8.641036
5.545659,7.370434
5.2166758,7.155579
5.32049,7.1718516
6.9536653,7.485688
5.2041016,7.1727805
5.4117374,7.2949977
6.7716045,6.957528
5.067308,8.849196
5.1720967,8.883937
4.408276,8.977616
6.370078,6.9076843
4.3585806,8.256495
6.081488,8.27567
6.1774964,6.5793266
4.7918305,8.977355
6.2238636,7.569945
7.114465,7.473149
6.303458,7.5436625
5.264664,7.533577
4.5736556,8.945186
5.7981424,8.039993
4.8674,8.100752
6.5807953,7.3695817
5.900858,7.3574324
6.5417867,7.247796
5.822321,8.071554
5.60416,7.211903
4.315911,7.916119
5.586034,7.2450457
6.851763,8.002476
6.0005484,8.549023
6.8810606,8.063175
6.461277,8.102431
6.059356,7.7582583
4.7767987,8.944641
6.1168075,7.713043
6.3611665,8.052432
5.1727686,8.546515
5.608264,8.478098
7.0344887,8.00978
6.561813,7.6926265
6.93144,7.8739767
4.5963707,8.424841
5.7383165,7.9916935
5.7579722,6.836537
4.4783974,8.907717
6.2345915,7.931709
4.4226074,8.951497
6.276554,8.106801
6.7544856,7.4224653
6.732135,7.7727895
5.9697804,8.021289
5.949323,8.200363
6.0922985,8.448228
5.2051406,7.26806
7.329899,7.203774
6.921633,7.4073706
4.4355474,7.9517055
6.185482,7.900249
6.063956,8.409063
6.54787,7.803051
6.2543993,7.9588466
5.957729,7.0745916
6.1093645,8.167446
6.2461205,8.173747
5.7723722,8.471485
5.338714,7.083407
4.1812983,8.573345
5.7747884,6.866261
4.841859,8.982019
6.533439,7.8476806
6.430762,7.801488
6.3347583,6.918061
6.954847,6.893359
6.871923,6.8257036
6.9417686,7.596614
4.4592423,7.9480762
5.326381,7.5399165
6.1511865,6.9387164
4.368367,8.401599
5.7697883,7.0396476
7.0640764,7.679602
6.149991,8.301255
5.475817,7.003683
5.83969,7.007075
6.1358523,8.782655
4.9922433,9.292493
6.381781,9.26988
4.270242,8.162781
4.526632,8.848378
5.833168,7.232295
6.086647,8.330794
6.9572535,7.311723
6.9998198,7.098522
5.6523557,8.295244
6.1519127,6.5718017
5.767306,7.2279634
5.1196103,7.9166827
6.715022,6.7019467
6.3502994,8.176184
6.751268,6.744839
5.1001577,7.180838
5.127783,7.266042
5.97927,8.1981125
6.730075,7.533644
6.2636914,6.6882563
5.6792355,7.4870763
5.1616664,7.3650384
5.198727,7.728583
4.215715,8.479431
5.6561985,8.281513
6.0268226,7.1442423
6.032612,7.201956
7.0757985,7.5468354
6.630595,6.5452266
5.7781377,7.230592
4.6919203,8.776646
4.7980576,8.539498
6.900883,7.4436865
5.3068657,7.019667
5.44187,7.1933756
4.5935903,8.881157
7.1229978,7.1817107
6.484948,6.62947
5.4466662,7.4520564
5.50735,7.0891085
4.260513,8.213644
5.3058043,7.3197227
5.716395,8.0489435
6.533935,7.2208967
5.636472,7.5249305
6.6332674,7.7087436
5.16765,7.039516
5.4546733,7.3422337
12.543839,14.506081
6.3427844,8.956318
6.2368217,6.548834
5.4230084,8.261658
5.5774307,8.456271
5.381282,7.24844
5.565763,7.4327354
7.123524,7.3897834
4.890046,8.525795
6.132752,7.635753
5.2795,7.3593063
5.8679037,8.2822695
13.986989,14.869367
5.819967,7.54832
4.503947,7.9592285
6.979045,7.351643
5.4353485,7.797228
5.481724,7.5753603
6.8011894,7.851989
5.6289153,8.336112
5.579296,7.6297207
6.2958775,8.3769
5.728553,7.871862
4.684669,8.700237
6.1738977,8.367738
5.3786454,8.348527
6.214751,7.269404
6.251989,8.62957
5.7183795,7.43967
6.907205,7.8738127
5.9304905,7.9596567
5.587032,7.026829
5.0088315,9.277405
4.3758197,8.175077
5.745783,7.5198603
7.345308,9.987601
5.927101,8.213796
5.523121,7.3919883
6.9332867,7.985996
12.204418,16.4152
8.256127,10.442629
13.098708,16.58579
7.7946525,9.876789
12.715794,14.123356
13.342611,14.478812
8.378338,10.402419
12.773829,16.15504
13.87505,16.260378
14.739732,10.926952
8.706379,11.4380865
13.41519,14.504556
16.079567,12.362428
9.162212,11.453635
8.527762,10.45643
12.222854,14.378551
15.950242,12.231664
12.560405,14.337093
16.716946,13.439535
8.142522,10.68561
17.068857,12.611093
13.149434,13.559462
13.721123,15.868585
10.70945,10.119035
13.776358,15.999262
13.217007,15.604615
13.750734,16.003416
14.602667,15.079859
14.593015,14.008572
12.680305,12.945985
12.539628,13.161727
12.629483,16.154903
17.083694,12.570624
16.93724,12.416726
5.526527,7.015736
6.566145,6.6949387
5.6239996,7.0396533
4.50368,8.762651
6.138144,8.183751
4.273217,8.745382
8.75648,11.083035
8.624117,10.884707
5.365548,7.2614417
5.525492,7.4982567
5.258825,7.4113283
7.850575,10.19301
9.613287,11.161356
12.843424,16.231312
13.243845,15.8132715
12.609273,16.174517
14.5886965,14.1446
15.899761,12.640698
9.564253,11.508296
13.3381195,14.781092
8.862972,11.687408
9.041292,11.255705
14.951831,13.374634
9.22492,10.855254
14.375395,11.129453
14.740143,15.022735
12.777197,12.806254
15.0135,12.021059
14.579778,14.046999
12.659684,12.897745
14.609823,11.48908
15.01457,12.058612
12.944202,12.403797
12.620574,16.818384
14.77271,11.865631
14.080331,15.893523
9.355752,11.296483
15.106136,11.924104
9.382262,10.527295
14.422238,14.844957
13.229257,16.781918
16.888384,13.054869
13.662898,16.741142
14.779444,14.669804
14.80344,11.341586
13.047486,16.01977
13.458365,15.834209
13.10567,11.062776
15.326268,12.66958
15.005497,12.246895
12.161295,14.455162
9.000385,10.080569
8.82194,11.251432
14.357656,14.117984
13.607209,15.619824
14.364698,10.872166
9.436178,10.426121
9.4891205,10.250107
12.82032,16.311817
13.843983,16.504902
16.866932,12.58864
17.064169,12.481625
16.982927,12.831678
17.05119,12.49765
8.640975,11.817461
8.849182,11.657578
12.948739,15.857238
13.372908,14.808633
14.902188,11.788324
15.924854,12.219336
14.965565,12.122933
13.620673,12.177601
15.036204,11.777296
14.682335,14.318515
14.518785,15.226746
14.217973,14.636141
16.813545,12.826935
12.733238,13.995589
9.302955,10.3705015
8.793429,10.328486
9.465575,10.986312
7.9904766,10.4313965
6.3208337,7.621792
6.0750723,9.192525
6.173723,8.88678
7.063252,9.849642
6.016553,7.1742015
5.053898,9.216198
12.456236,15.072216
6.0515637,6.9145107
7.702633,10.355805
6.5023475,7.9557424
6.4851584,8.680713
13.63663,16.63225
6.5023503,8.103226
6.6701627,8.525246
7.8762503,10.777209
7.848171,10.759301
4.8756547,8.717262
6.753187,7.190316
4.370186,8.078697
8.930382,10.790764
5.519095,8.086423
15.197134,13.708914
8.402964,10.582073
8.1032,10.636275
13.168932,14.457042
4.8117394,8.888637
5.426109,7.573479
7.5143375,9.968427
5.568741,6.936707
12.503133,14.911773
12.986135,15.23152
12.766218,14.855898
13.487582,14.552977
9.37009,11.2872
13.518618,14.550985
4.252895,8.776031
7.513429,10.076382
16.407343,13.5795355
5.9854555,7.9630947
7.5251207,10.133972
14.354192,16.036242
7.561313,10.135611
4.5238457,8.698602
6.123451,6.9247684
5.3738537,7.758444
12.745593,13.535605
5.5293164,7.4180145
6.439492,7.160336
5.119616,8.483804
4.7437024,8.542363
5.971374,7.4883366
6.4248056,7.059443
4.128654,8.377028
6.1311035,7.2021847
8.80235,11.402435
16.413,13.70561
5.4005666,7.2145004
13.049669,11.876996
12.21625,16.387741
14.83914,15.081652
13.525164,14.625676
13.567419,14.757233
5.0349517,9.275019
5.430853,7.884144
5.4244504,8.027524
6.840452,7.301729
4.4183354,8.082739
7.8567595,10.774465
5.1065125,7.16522
6.2127447,7.7444654
12.851751,14.941874
6.4947276,7.8483896
4.977351,8.489628
5.522062,7.6148405
8.219096,9.635721
12.619808,14.073576
13.632893,14.583239
5.9078565,7.2921147
12.6349535,14.353268
4.609734,8.977106
6.1009426,6.5918145
13.607435,14.642684
7.445317,9.955896
5.2340016,7.1761503
6.7308283,6.7174783
5.9776897,6.888012
8.290351,10.483464
6.2245507,7.2146626
5.7254214,6.9193754
5.7068176,8.400478
5.7677116,8.04561
5.6256537,7.0802665
6.567155,6.8543305
4.437126,8.628079
14.521034,15.935538
13.373618,14.982787
17.001146,12.456288
13.377224,14.804955
14.797445,14.6913595
16.371065,13.294728
14.834281,14.621608
16.840021,12.451313
14.5188875,16.118456
13.539299,15.901552
13.645778,16.578527
13.666694,15.995776
12.601826,16.282171
13.092184,14.9417925
12.423353,15.159554
16.86418,12.807765
12.587113,16.775553
13.706889,16.134853
8.838242,11.018595
12.149332,13.924936
12.774524,16.572176
12.591825,16.855577
13.870444,16.250645
14.313572,15.91445
12.990072,15.824793
15.882337,12.829678
16.536533,13.1593895
12.431094,15.2065
16.913483,12.479985
13.465002,16.395294
13.866023,16.559216
13.788952,16.596548
13.938072,16.355938
12.7577915,16.715399
14.412676,15.2905655
15.920217,13.800853
15.909768,12.778984
13.910794,15.914438
14.303219,14.891239
12.21081,16.055529
16.326054,13.390373
12.413762,15.780908
12.71088,16.381477
8.762893,10.3677
12.796576,16.62539
8.80985,10.049123
13.664409,16.72407
14.86358,14.641552
13.713022,16.236261
16.391487,13.6790285
13.932192,15.479856
14.777504,14.407847
12.715514,16.654385
17.009315,12.889033
16.323227,13.357967
12.170937,14.43739
13.66627,16.225372
13.133887,16.616472
12.192859,16.021852
17.024147,12.6274395
12.474928,16.687534
14.916196,14.7027235
9.154456,9.914713
12.361876,14.579933
12.499633,16.698582
16.286852,13.570324
16.287203,13.276985
16.42735,13.415515
15.651108,12.931295
8.627181,11.808639
14.333377,16.252205
16.988861,12.511213
14.207151,15.094258
12.698862,16.799778
14.4629965,13.7751255
13.854836,16.643345
15.705398,13.031387
12.666414,16.762264
15.677486,12.9424305
13.385936,14.572424
13.170289,14.9367285
13.423365,16.63542
12.550251,15.552385
13.786402,16.11257
8.740055,11.787843
14.042956,16.501736
14.755319,15.508464
13.944188,14.794879
14.060417,15.318416
13.086792,16.672165
8.64256,11.805165
14.416341,15.937263
14.02199,16.11883
13.717981,16.447342
13.671358,16.705225
12.36504,16.459719
8.042106,10.910622
14.218228,16.207365
14.0820465,16.477505
12.694116,14.645852
12.207585,15.991612
14.072274,16.55148
14.190856,15.676639
14.159706,15.259747
12.3360195,15.875442
8.632918,11.814598
16.581898,12.592973
13.188624,15.131368
14.257712,15.353819
13.916438,16.13504
12.946005,16.082054
12.7787285,10.884485
16.249369,13.671297
16.577467,12.599465
14.851631,13.313803
17.075401,12.512425
14.182284,11.201885
12.365835,15.552402
9.604735,11.414158
8.908602,10.550936
12.937672,14.232577
15.105789,13.354496
13.211489,13.623474
9.603968,10.880785
8.6111,11.131223
14.702005,14.7580805
13.3600445,15.762906
16.37665,13.693837
13.644071,15.57952
14.254582,11.6879835
9.531807,11.511635
14.767096,11.86961
14.209988,11.165504
12.372965,15.278761
9.828198,9.753775
13.840001,16.449638
12.196049,13.753001
9.5547905,11.559707
14.591979,15.308074
9.801453,10.665399
8.900714,10.506532
10.051047,10.257249
13.481748,15.265834
12.9110565,11.2248535
12.291272,15.371599
9.517892,10.383474
13.529603,16.443426
9.530973,11.336326
16.319775,13.078447
12.227695,13.759447
9.968938,10.879271
8.884721,10.464955
12.888126,12.222746
9.323566,9.9170065
12.306571,13.540817
14.552456,12.38087
13.08833,12.615516
9.183215,9.906268
12.76836,16.067352
9.714789,11.192932
8.794018,10.059488
14.87478,14.6793785
13.196906,15.939525
8.3637085,10.792657
9.060603,11.680923
13.94779,15.6638775
10.249215,10.675906
10.639578,10.889997
14.546291,15.824442
14.490894,15.566777
8.423371,11.194929
14.785511,11.845621
9.5109415,10.562668
14.130118,12.172947
10.139991,11.510661
12.839743,16.588404
14.434271,13.9424305
9.533703,10.203824
13.065469,10.529445
16.0313,12.351409
14.341049,11.09629
13.220906,14.864884
14.273404,14.846293
12.199619,14.263989
12.790289,11.225202
10.5093155,9.871254
9.162581,9.98221
15.310292,12.463463
14.756234,11.857663
13.090343,13.503695
9.076679,11.719179
16.702122,12.386934
15.289319,12.414223
13.742165,16.230627
9.190811,10.587431
14.956775,12.630464
9.482761,10.397786
13.179719,13.057212
12.856853,11.207501
14.196173,11.0862255
12.416226,15.254392
14.365358,11.0361805
8.730257,10.947059
14.48794,15.787132
13.536295,16.124207
13.149862,14.932763
8.989497,11.65641
9.360833,11.7940035
10.016134,10.887831
13.801714,14.744452
10.579385,9.874759
14.67988,11.816088
13.170167,14.522736
15.729521,13.626249
12.657132,12.840274
13.682326,15.165263
16.573895,13.20689
8.944774,11.700728
9.838483,10.610025
10.6930065,9.905126
10.734921,10.272269
12.234546,15.425231
